                                     0.569009809
                                     0.471225457
                                      0.65140264
                                     0.897967824
                                     0.857008859
                                     0.628302364
                                     0.580858263
                                      0.74217609
                                     0.755453384
                                     0.492972343
                                     0.693287868
                                     0.848035227
                                     0.469215913
                                     0.643129771
                                     0.772199617
                                     0.908555069
                                     0.808507355
                                     0.844475623
                                     0.425250982
                                     0.801501035
                                     0.863639279
                                      0.75100016
                                     0.771976558
                                     0.718188531
                                     0.644130182
                                     0.750356753
                                     0.361860005
                                      0.82697623
                                      0.82706188
                                     0.518311887
                                     0.744807563
                                     0.756894161
                                               0
                                     0.849484197
                                     0.925900825
                                     0.731841023
                                     0.794066642
                                     0.740387314
                                     0.834947427
                                     0.508991684
                                     0.757516197
                                     0.739308006
                                     0.725360078
                                     0.424807791
                                     0.343218412
                                     0.825017498
                                     0.575655861
                                     0.717918714
                                     0.774214189
                                     0.757985564
                                     0.726830182
                                     0.790087219
                                     0.747366476
                                     0.499601037
                                     0.900945696
                                     0.848826164
                                      0.78419393
                                     0.787665386
                                      0.75653269
                                     0.795346583
                                     0.881316421
                                     0.849587182
                                     0.517988008
                                     0.578302557
                                     0.795283296
                                     0.690753143
                                     0.571477604
                                     0.610003022
                                     0.837296231
                                     0.976234439
                                     0.803953736
                                     0.827578542
                                     0.850760727
                                     0.804067571
                                     0.895720505
                                     0.832846751
                                     0.808563291
                                     0.631390189
                                      0.84485943
                                     0.828351078
                                     0.811196589
                                     0.838664216
                                     0.848621615
                                     0.849608898
                                      0.88061458
                                     0.867261393
                                     0.802038981
                                      0.63517832
                                     0.595162383
                                      0.47940155
                                     0.814838862
                                     0.931612003
                                      0.83391285
                                     0.830479694
                                       0.7169614
                                      0.93051205
                                     0.931612003
                                     0.864367046
                                               0
                                     0.613286155
                                     0.835322196
                                               0
                                     0.689423582
                                               0
                                     0.637316765
                                     0.717139211
                                      0.73598675
                                               0
                                     0.258411162
                                     0.850185252
                                      0.63524084
                                               0
                                               0
                                     0.408435315
                                     0.549052459
                                      0.75875218
